-0.12805982303533664
-0.12796546679495552
-0.19522811086735353
-0.17580118113327425
-0.1670495963927797
0.09654921014412002
0.023286429482455875
0.0779520674257987
-0.02268874332798334
-0.07911905233385698
-0.06199940617508581
-0.10306448553713081
0.09848128096397388
0.027536595080854518
-0.0006725306715895063
0.1666485858852126
0.18878267353986228
0.34576530962904095
0.28203440121188256
0.19586221036586035
0.23710450165499022
0.5070643168571691
0.4383036044134972
0.5206809187255692
0.45378409882691656
0.4292415860417501
1.2245609119118162
1.4476852119838237
1.374363870102833
1.2783253906729142
1.4280740876226192
1.327776182536721
1.3590233030491405
1.3005240128984878
1.1839130055886635
1.140580069835222
1.0355381206755248
1.008389088560216
0.9534842703982322
0.8829126538249948
0.9911255572597737
0.9462494537057535
0.8630462983926288
0.823146905733742
0.8034707465371878
0.7521758358927187
0.6876358081671076
0.619611977130935
0.5304247654674974
0.5003483794313224
0.4390611806842043
0.6410893125859197
0.6543543634633365
0.579847650371736
0.517380649438058
0.4386177405176076
0.5216589310953211
0.4572735632947357
0.40245969478549243
0.3481447413637594
0.37051544723061774
0.4454315465385964
0.4162090589259359
0.5317556122824876
0.5925567718958906
0.5457358195343113
0.5641591314225703
0.5017317720394602
0.4313378981525105
0.3456509557950761
0.3103179918064663
0.2131058237529485
0.1533165440729415
0.08433060762281834
0.03798583656068025
-0.009426568392495149
0.012746509464100178
-0.08043138040986035
-0.2086366461013849
-0.2335997857600502
-0.32261194898354634
-0.40724138347796374
-0.4484236354572453
-0.5021196321568606
-0.5454310443605173
-0.49353250703823726
-0.44160783718080804
-0.49251437573128226
-0.414761473234463
-0.3518609270873537
-0.1236015359361133
-0.20456366980990331
-0.12725090395956326
-0.23566864731514434
-0.32111730341365774
-0.4164719785412672
-0.48230616710581126
-0.5527258065286621
-0.5738902956045169
-0.5539492770534603
-0.5827995205416502
-0.6392636407473852
-0.6439721379991395
-0.4777415700861991
-0.5075797765934272
-0.6111085119790413
-0.5660090569809778
-0.4024830531064441
-0.27744639208169086
-0.3096446217324536
-0.1552597932672458
-0.1879565087597093
0.004551473485088881
-0.10749591592056375
-0.16505070307358788
-0.17886632891916282
-0.21176121976729848
-0.16644576742046976
-0.08137172490675192
-0.18050784223539246
-0.19183596556126956
-0.2925143106607528
-0.31067777946180775
-0.39979824758011073
-0.2059753643925948
-0.057415881994678335
0.05925193578771285
0.24312532382496357
0.5685255263582853
0.48325511684870615
0.39716756723588714
0.3092093607154183
0.6708374156924294
0.7817088415235164
0.7726846407312842
0.7145079895961528
0.6643891265081713
0.6005239892594493
0.5409966436117816
0.535920381214808
0.638759883897382
0.8239440845124829
0.8020166827365255
0.7805228328818894
0.7449883726548004
1.1250116882966628
1.012406661317506
0.8915184903322502
0.8035211418747292
0.8558551363443909
0.8115685788289595
0.8349960648750505
0.8226642006630698
0.9441384092723873
0.8982702118921063
0.9319976622757875
0.9158262331581474
0.9293997617945526
0.8716910666424585
0.8642311742717886
0.9519624522107759
1.2638523975933766
1.2293466153686048
1.1839295941151367
1.1533862991643256
1.1133559966862179
1.0408818255546555
0.9529927183164763
0.8710714227569556
0.958410655251349
1.0086731049664368
0.9188277207165282
0.8205994798561129
0.7121772244116076
0.6231447988090965
0.5680498139241562
0.5323768279459061
0.6446778756371697
0.687609227559562
0.6761523544108927
0.8100658529139393
0.7355088133596339
0.7275937369979857
0.6502606274647371
0.5748995921814533
0.4702875565696208
0.5262611545931406
0.43290872726217733
0.38366498443690855
0.3626097232588162
0.24603601143652734
0.3326340305144128
0.27104823819505924
0.18358988356487418
0.27030057610716374
0.2977470116294124
0.2586638954144905
0.13691438612137327
0.11202543031779091
-0.012821899488815729
-0.08187839471727587
-0.12828979282925607
-0.1795935747157453
-0.18449793766943218
-0.1665131203199101
-0.1991687058283626
-0.2936943422612707
-0.360067542614787
-0.39013960972422396
-0.0880946311988077
-0.1573587061120773
-0.18994119354911995
-0.20047691466457687
-0.2012240717685398
-0.19972986559447792
-0.1736897460709938
-0.15897066276378144
-0.19037370970054665
-0.27157778892789936
-0.22697629466787822
-0.07926299926460353
-0.14621964887820296
-0.22385643567007982
-0.2612702104295393
-0.3531350097414382
-0.37195413564376173
-0.1843902147999725
-0.26308821151889045
-0.24944592535319682
-0.25698976923138744
-0.29565155542422183
-0.34350006370791997
-0.42809711492420227
-0.3877428650831833
-0.44506163236542734
-0.5102324749398496
-0.4547992256747826
-0.4860367715586112
-0.3091764645680996
-0.3824482951875533
-0.4310485642510313
-0.21159086421484935
-0.245398837593806
-0.19383391639253794
-0.24772132385723905
-0.08626705674459077
-0.08743194760588967
0.13037538585002276
0.17945404327650955
0.10618331450466094
0.199157470112093
0.14889306632247845
0.04142227185201722
0.06233645837240674
-0.05848775023776104
-0.130534705258553
-0.14191850634553288
-0.17912140371999768
-0.16817101917362387
0.057647354747031046
0.1315378048927266
0.10579600246634654
0.09166529458818551
0.062254399357434216
0.03164349099181184
0.2934565364730649
0.30410662529415056
0.2697872969050746
0.2544162646352688
0.5407571478427144
0.49379498074966316
0.5548992159475542
0.5108935583561511
0.506098897884705
0.46051476339681985
0.7561333684478619
0.8784274360269183
0.7461053222609602
0.7046334399299043
0.6157870690573399
1.0217404078987369
1.1122851414007677
1.0714995846750586
1.0835725629286506
0.9912562942317906
1.0470635084397748
1.1371237845564062
1.0551146356577745
0.9752774207296679
0.9000473298844002
0.8453768342912391
1.0738136960511608
1.1175117259517109
1.0366111307615187
0.9112737416542352
0.8391745047768684
0.7517368956339592
0.6786135331007922
0.7276197125218326
0.6812446128810778
0.6717216150916093
0.7256381151000179
0.7683964656628931
0.6721353341657325
0.6000641445983073
0.576436975361193
0.4741554365387726
0.43745144752930154
0.4252402359462771
0.3145294756824683
0.2658088230389234
0.1990348375079952
0.18105064158535009
0.23091296555304633
0.17254556273837948
0.3293005527943476
0.28512094521455217
0.28895386969439973
0.2650826763297694
0.15935841626284464
0.09475731440417762
0.05995464072913757
0.05846971532465109
-0.018438918200616078
-0.061270573757362654
-0.12494634308074261
-0.09934543310139947
-0.12625273281181104
-0.24280377268838532
-0.31471326494832974
-0.33040479202579076
-0.4027886304738784
-0.4215642961507749
-0.48078837989088363
-0.3414292757022592
-0.391966357015553
-0.47045128608889886
-0.5628836033088961
-0.617157859384755
-0.6183335536851028
-0.6533579259711084
-0.667001844357034
-0.6795824759600376
-0.5804018499228549
-0.6177099799927158
-0.5421952179350972
-0.5295230253308607
-0.5519798164258809
-0.6191588964290458
-0.6597163737019478
-0.747766835433307
-0.7854781775300183
-0.6719325890183055
-0.7318053545236733
-0.7803106411160668
-0.8478571326857595
-0.48323455967312995
-0.5300989889720085
-0.4264334680418817
-0.4914926259095963
-0.5254559740162063
-0.5827195640587015
-0.160479560736168
-0.1921840078787288
-0.16943323946274821
-0.14743668709414745
-0.12917884646884503
-0.19674642029217188
-0.2706383807690542
-0.3317072431949986
0.16878465932782444
0.0782888493497542
0.08287454761605101
0.07221496927681087
-0.0020806396557875974
0.06305907681141931
-0.018303905923794658
-0.01758355998954624
0.0675282925954739
0.020956131146803683
0.17349164831734928
0.1638768274977762
0.24748891908716714
0.30241396952146304
0.45872476604040596
0.6116660724121874
0.5589825448164327
0.6590063381730472
0.6592764061664869
1.1244217244801595
1.0452589260344143
0.9808311457367264
0.9565411679844595
1.043964849646095
0.9297104958150629
0.8541160547241914
0.7761367522886458
0.693634211217048
0.6270557818418313
0.6488377827259931
