-0.10829607454265179
-0.13425011074054605
-0.20725700792871526
-0.21800997763025737
-0.2226173023959024
0.07668677361961715
0.04337898637123462
0.09199191473426799
0.012763976872346467
-0.06434442534534483
-0.07035942410687307
-0.08199926819612992
0.08797224218774503
0.009072341218195137
-0.04592767378704708
0.16218911257853869
0.18516388195084565
0.3207816279723025
0.2623629478566813
0.1789127629263582
0.2141848448103629
0.47339514536605926
0.39188316412993013
0.4833928928015129
0.4086630539078567
0.39393380108268194
1.1879234226762496
1.4018190923698723
1.315528286547524
1.2212619491275616
1.3845632433741732
1.297049187144314
1.3441297590256625
1.2900085745817524
1.2080799594549743
1.1414736282669014
1.0523900216367372
1.0420335181461458
1.0072993861428363
0.921259775269252
1.019935258742126
0.9657148161034411
0.8940943687499086
0.8422565163395496
0.7547588547068279
0.6808010439622724
0.6290565941465991
0.578145622897636
0.5030280254816527
0.45459481266509544
0.3816059408352934
0.5684710944776195
0.5690238556832964
0.48746568405385765
0.45001998231111945
0.3650004018077054
0.44650939885943763
0.3630595197953158
0.36295068933268226
0.3195934895925306
0.3160510037053677
0.38712198197894504
0.3082909359673849
0.4691891064868782
0.5147526118901932
0.47247405188274866
0.48252917014250474
0.44938497993906523
0.38595983635196884
0.3007047066122902
0.2676474270705869
0.1833700978648919
0.10853845748480813
0.030080832565344048
-0.01413802215910758
-0.08850251857190665
-0.0992352873551396
-0.17751071518347367
-0.25752227742748984
-0.2656936921430722
-0.3415279402910262
-0.4187995354008786
-0.4485503454394337
-0.5084194917766989
-0.5778286156561415
-0.538094466213993
-0.5011361086362259
-0.5734133867565832
-0.5129036405613123
-0.43544887622661466
-0.19994932135510116
-0.2741055520587588
-0.21114809577984203
-0.286451342928558
-0.3642677285481584
-0.43159195177540044
-0.49588278721454926
-0.5700697890680795
-0.6136303325469104
-0.6386102064175805
-0.6648247566271978
-0.7321303451097283
-0.7699948782603611
-0.5942823202735268
-0.6152789097055751
-0.677056620609696
-0.657402432119997
-0.5263374653120343
-0.38832068823904337
-0.45554856350261586
-0.31854724464373096
-0.39060293838466176
-0.15751336924869547
-0.2246410429189003
-0.2912253665764538
-0.33236585756764897
-0.3490570774849304
-0.33029144626022844
-0.2725757160290622
-0.34783669541273327
-0.3678912563106913
-0.4379045848151268
-0.48976636772378834
-0.5631823534853485
-0.34866467902057524
-0.21678012932858765
-0.10965986101635072
0.0954871521912592
0.42759710057800465
0.3487659921942723
0.2666439180219115
0.18958381171838948
0.5762026090265185
0.6876854912500054
0.693338419677735
0.6090897588322248
0.5611266649353566
0.4754585589765584
0.46190878348378567
0.4309288366833764
0.5424063885953063
0.7122415779027476
0.687821768133894
0.6374594042430978
0.5876134837197865
1.0057980733092342
0.9227473403214229
0.8313913394509115
0.7525076999005235
0.8072905995501696
0.7619427390296442
0.8022105099526734
0.7883428519187408
0.8841021191087118
0.8302775824394526
0.858342884534329
0.8232976520345878
0.8473249109707172
0.781881055692639
0.7551913301218061
0.855920124407516
1.1956227919184328
1.1690224768942121
1.130281593951956
1.0874449912992599
0.9967191542609519
0.911527970640609
0.8605892629711523
0.790565087348982
0.934147210435649
0.9514835258356997
0.8865381465653653
0.7982901208136328
0.7082436484374712
0.6204885364527138
0.5538489885378324
0.4918471345146202
0.5908366382488504
0.6281465688113699
0.6221011876870838
0.7504212329965445
0.6888845136023473
0.6416880457313239
0.5821352882939533
0.5219677314708638
0.43493216724453976
0.5079708549593437
0.42282446943439184
0.33558209258355687
0.2941043624663747
0.2114741075321057
0.2849098382167438
0.22468546991399788
0.1504643007521637
0.23330479917813185
0.27656908636672267
0.21832951625897576
0.13397002316852083
0.12556908323753102
0.04328016004899561
-0.03740816411650621
-0.11855637985483362
-0.1803724781453219
-0.2174532401878879
-0.23398594900088296
-0.302992397295468
-0.38092154651974236
-0.4560348990673919
-0.5067894679223545
-0.17290058860090518
-0.24159636209168542
-0.3203784376946765
-0.3676845113752908
-0.3389340218362248
-0.3325768693549431
-0.30635748093754644
-0.265935773503971
-0.25755480076357895
-0.3152138847155389
-0.2946219266496009
-0.13199145885279606
-0.19621298185666602
-0.248607646049219
-0.31422181847261055
-0.3917675310310963
-0.4354428277691686
-0.29103367238301503
-0.3653319583598494
-0.3631476239271711
-0.38438499020588857
-0.44957032191028784
-0.5245639448384691
-0.5546218155982575
-0.519881166260317
-0.5924199719307497
-0.6433123580539809
-0.5600057625199223
-0.5787805429041897
-0.43440178308378086
-0.5047280670287212
-0.5718343417057319
-0.3449789500358059
-0.3940309964050001
-0.34320779186356903
-0.40166086059820844
-0.2562988219968297
-0.2753106169765331
-0.07234924222637266
-0.018955792889141142
-0.09519305350626003
0.035508067863464596
-0.0413978444006702
-0.12328141902257755
-0.1531276699211314
-0.2312101399435275
-0.2800871954286584
-0.33026772521041337
-0.3743140581488979
-0.35725336139157743
-0.08990574254654357
-0.011866996155576728
-0.06722033962681073
-0.10303166513629702
-0.09509056782861156
-0.08880256425563691
0.18180114210205056
0.223260677176091
0.19260832513964657
0.1708691493327606
0.4454081819852825
0.38048213527232816
0.46442473827244896
0.39790820739896865
0.39298502113276074
0.3288912593368943
0.7019423936804245
0.8062373946353695
0.7215167531415658
0.6695244773817132
0.5816439136740149
0.9789212448551589
1.0426619371133417
0.9894488474031776
1.0236976202270591
0.9404857002569389
0.9909286620455746
1.0902252594903388
1.0028805893709913
0.9199073874893167
0.8623311820929428
0.8114156258323508
1.0672905221140752
1.1176208379330528
1.031507392221496
0.9419427260386003
0.8501257531883736
0.7600157598720999
0.6976651576946504
0.74394880433683
0.6635175970451658
0.673906323773909
0.7006598194397787
0.7232367456313822
0.6353829174050549
0.5536055988577759
0.5270575135286726
0.4444075468473499
0.35919821656241496
0.3361323602101993
0.25086059962913493
0.17184312826129852
0.09403312630078309
0.07657365306981875
0.1296691409063293
0.048224049023313315
0.1993481007218067
0.14471931928881512
0.10847362302543583
0.08177482779037773
0.0005781625135301441
-0.08192947935476837
-0.13773821612907913
-0.15805707276355938
-0.23705441355022758
-0.273500647428136
-0.35084225398242835
-0.31890825759017066
-0.3212281613138275
-0.39705414977164233
-0.47256912366880377
-0.48859118939768403
-0.5623150270479772
-0.5746024509375356
-0.6399202607383062
-0.5172825520642979
-0.5885749596623987
-0.6537116352821606
-0.6853053413928535
-0.7196813146940113
-0.7809110851559469
-0.8185900844338813
-0.8380208063658299
-0.8457406161644557
-0.7720503505014527
-0.818062842369454
-0.7703316498063677
-0.7778485354111074
-0.8084920779999635
-0.8713384093480533
-0.90671804944699
-0.9670837896062774
-1.0243723832811986
-0.884156973128348
-0.9478528371684704
-1.0038650051703086
-1.0556734027185448
-0.6128256788020824
-0.6600981246054873
-0.4639176920840539
-0.5277091928050806
-0.5875816932470358
-0.6590425785499328
-0.2606195286711166
-0.3265071349148523
-0.3083644079144704
-0.2595047480550245
-0.2191992251812173
-0.2893188407628557
-0.35184578298323266
-0.42028818876464336
0.08059353961313888
0.014052221468593659
0.033604045226295995
0.03630133846832989
-0.040454609336786185
0.015219048441715344
-0.06199568386882827
-0.07352277261045827
-0.014422917082624465
-0.058198338583798415
0.08295496529688069
0.05652507313142032
0.40750174357487196
0.45570824312540387
0.6126790805589037
0.712633493394879
0.6594062875821122
0.7697828812418954
0.7245841700301904
1.1453361517077298
1.0615702856285278
0.9690733850494084
0.9132505557532192
0.9764868174174964
0.9095273675594124
0.818383039386257
0.7323379166198585
0.6462286154160917
0.5720075776533242
0.5591074439017603
