0.09676021515140544
0.09644581777632111
0.0987344140013579
0.09573567583686253
0.0954564849327475
0.0831133569260404
0.09691297066075803
0.0930508565843855
0.09911522471125998
0.09889239658304094
0.0955135367136121
0.09577151529394042
0.08794693755487708
0.0992068408089703
0.0978099422098944
0.08655634034985432
0.0941354244446338
0.08929271127537376
0.09812560533400039
0.09922145990631565
0.09365220003497371
0.08446616967197168
0.09942422015992612
0.09123803411268806
0.09892091542296783
0.09590737473866277
0.06872238820687279
0.08498225522485116
0.09966792648076882
0.09972627349051857
0.08835458982142347
0.09964978577740193
0.09314472216988608
0.09785326183965626
0.09915164898791363
0.09837630332914943
0.09949751431799862
0.09571299496787967
0.09687851204100405
0.09937784602368419
0.0909450424159617
0.0978860672815829
0.09864068805770007
0.09766778349127163
0.09943338734488011
0.0987302442182752
0.09766042111955492
0.09763739302133671
0.09881778594957634
0.09750656467355237
0.09871669046148242
0.08740775401043772
0.09520971324597445
0.09918800919685915
0.09697189785930749
0.09932400375010578
0.09166472509603397
0.09936119218504813
0.0952436313540338
0.09729694364495997
0.09540157424290298
0.09205376113816734
0.09911410410888653
0.0884425460553728
0.09309657406326009
0.09726642671745693
0.09477292456998229
0.09681103572688378
0.09825763643723817
0.09930881902958993
0.09676656403386688
0.09929184742394125
0.09877754269775012
0.09896214740424701
0.09729950924360131
0.09878554500970659
0.09572633583562834
0.0990137876553505
0.09903296512037268
0.09561378058822256
0.09888949386982529
0.09890053356834956
0.09661069674855134
0.09808618526372492
0.09853073956894234
0.0934610553753974
0.09352031804266024
0.09875558643851332
0.09256110344771008
0.09171819593231699
0.08527922576317565
0.09901280530957209
0.09244776456554289
0.09892785622196798
0.09892796333893769
0.09841310235672382
0.0982775075059125
0.09876086365278294
0.09727287154604822
0.09640743208690991
0.0964661427865066
0.09845657112611203
0.09700329331365923
0.08777785633254544
0.0962578578479984
0.09818610256166992
0.09435435943155461
0.08948919190118101
0.08905593307303418
0.09857832950307274
0.08936432952084518
0.09882151767176944
0.08566878511586555
0.0986391658831797
0.09837798415859522
0.09715525810748488
0.09601018519185917
0.09436250893087325
0.09262558081702894
0.09892049804532216
0.0961502929226829
0.09859046318701085
0.0976699716137037
0.09873584883135861
0.0863605044353417
0.08920504201817459
0.09035036733526297
0.08638331464135582
0.08141867615220788
0.09935061683835136
0.09913078298671656
0.09888508668068888
0.08034853741175482
0.08994193133963088
0.09496681285996977
0.09932842407015535
0.09747243658156136
0.09934588081600822
0.0958605684407997
0.09670035284963395
0.09036074853779599
0.08776880251926095
0.09643571269401913
0.09762212966886556
0.09758720945399199
0.07926216763186647
0.09963529140069152
0.09958215905378211
0.09896748494839033
0.09280932477760537
0.09741621916640905
0.0934256574133038
0.09589515001964863
0.0909926417140943
0.09786600958548862
0.09397085893331215
0.0969075940150866
0.09414240409836393
0.09839987549828917
0.09647515367529357
0.09080062656173679
0.08142373184880335
0.09658485789943601
0.09705884294738219
0.09725046218567333
0.09960478252329806
0.09927718556369458
0.09761341068844785
0.0985675555573271
0.08910333777542283
0.09440836648303734
0.09836997131305415
0.09945588890134657
0.0995213804946411
0.0994067985497622
0.09836980920139252
0.09816234456382293
0.09090218356299824
0.09350531419140101
0.09551970572059071
0.08963607154231189
0.0982762033687128
0.09744788423938
0.09805479409573462
0.09808075110321106
0.09940169409066245
0.09202893631791641
0.0994396632832868
0.09938185095154026
0.09716238652932391
0.09920178225435251
0.09200940290946528
0.09817072576382939
0.09876507299154035
0.09161528634784048
0.09322888696155039
0.09804941446730531
0.0992693228998643
0.09561397809121482
0.09921627427264967
0.09906190080556132
0.09908778924414395
0.09814351238284362
0.09697971647645848
0.09600507667613048
0.09854497380842515
0.09894196385212695
0.09879368210175458
0.09760362197971334
0.08202066026348415
0.09879298610546099
0.09897482346018857
0.09744500483139314
0.09392246605544784
0.09494878939964413
0.09402338776301547
0.09338944451463616
0.09484481960832837
0.09799735686890676
0.09431070410829116
0.08824216067450798
0.09843623311738288
0.09769951021387763
0.0983508958096662
0.09892632998711649
0.09727472928172813
0.08903490964109859
0.0989429467964557
0.09513374270816397
0.0962330709328641
0.09835444760512498
0.09879942478960485
0.09663503635938575
0.09366048249012685
0.09876433559820806
0.09761607003176388
0.09156593294710592
0.09613456992280772
0.08901666973707854
0.0987375656414158
0.09840711573298203
0.08586760242825878
0.09769622478064387
0.09295583916176711
0.0980674064881531
0.08900968966737906
0.09616229008857699
0.08672973790037096
0.09270685757608735
0.09896767552086543
0.08963370301651892
0.09906477324540755
0.09912555821921967
0.09662074146372304
0.09898423546354909
0.09751892417746882
0.09760073192513584
0.0973018065986619
0.09445416421709427
0.0841951026293917
0.09153663083957224
0.0979323541362791
0.09691299439350853
0.0948768849081909
0.09494162450853139
0.08410687493119254
0.09324012580475963
0.09670195777329216
0.09625720628863309
0.08402050873498618
0.09854909240424778
0.09155967139765887
0.09849766518006525
0.09546015692923583
0.09831436398721144
0.08078405962245228
0.09028417922766115
0.09945744640510205
0.0976658136865377
0.09945296327505339
0.08004756697507122
0.09212367725930455
0.09781927503326161
0.09369052793442922
0.09930454766207786
0.09299647818904361
0.0907890482771739
0.09958252153163288
0.09916919772544255
0.09793656129493514
0.09763244709715928
0.08479212811780984
0.09283195258766203
0.09947147422237981
0.09949653039507123
0.09960850892736335
0.09952048042113719
0.09816372172085683
0.09316385056918823
0.09917371647304847
0.09476437690771311
0.09400451786109226
0.09419715889460528
0.09952887848662834
0.09910977771117706
0.09646443248394636
0.09921663292295956
0.09928605981514348
0.09629909897050618
0.09935116190959598
0.0989777872825686
0.09892515288445786
0.09603834103008095
0.09285673812517219
0.09923144633797348
0.08882607083751941
0.09794093328018465
0.09693057923016267
0.0964888295014274
0.09914317843324584
0.0991540675304338
0.09785267757776829
0.09618173678256808
0.09903799114691411
0.09693953977718267
0.0989395750070027
0.09379630795830944
0.09535766858365474
0.09889923337652834
0.09881282512833779
0.09598021546121044
0.0987811010777641
0.09579883837152701
0.09836136325474129
0.08992517838595927
0.09876953334895382
0.09831210308373395
0.09670435565996156
0.09685952234435755
0.09814519419789285
0.09701250585806367
0.09613159696266849
0.09562539065350006
0.09194013594956689
0.09747680427108474
0.09309006464111189
0.09559244570721809
0.0966821435520579
0.09822980343522603
0.09689620798469537
0.09810801661516658
0.097945266712523
0.08927045929636347
0.09839719721074551
0.097867759497561
0.0976807204662423
0.07846539933612755
0.0977055911122031
0.0870060328272099
0.09843857148446047
0.09805979486438253
0.09863008115293992
0.07992921479896353
0.09868565521791768
0.09442018577634254
0.09300091963168892
0.09336188717295535
0.09864898107321134
0.09818757216963427
0.09847546459642062
0.07672238276566248
0.09877914460530034
0.09436090227390675
0.09510635871332179
0.09894767046662618
0.09276553121503302
0.09901605092255451
0.0957633314465593
0.09257251500157851
0.09734367416505302
0.08917022900166212
0.09651916450769449
0.08138203725404264
0.0928838824695863
0.0883835485673769
0.09065934938042117
0.09784139847823003
0.09043170101574283
0.09744395337357703
0.07916253244371355
0.09967774819670533
0.09963802386303706
0.09784618612078813
0.09242382945652895
0.0985058400461281
0.09959722733547234
0.09931971258582517
0.09932813546230738
0.09874163546642396
0.09583730055820683
