-0.1746323441753073
-0.2521164742575847
-0.5690814613753671
-0.4335086604867063
-0.462619277770994
0.5782704813694259
0.47358742678729815
0.5827335977865323
0.3441153187496218
0.10499940369611549
0.10660758977144362
0.03627515501320031
0.466116746016125
0.15391617627158735
0.005656338248750431
0.4643819006844223
0.48162241838058495
0.6960163746432079
0.5581980856576901
0.30310035408312735
0.34407240324531363
0.8694240858789366
0.71853778304585
0.8691215127069497
0.5962223887521836
0.554882882102737
2.225835162580596
2.377489526513
2.196734840562839
2.049500622852955
2.163556694427624
1.9534911007419338
1.9626931281613602
1.8337596731411643
1.6653838159436212
1.365798185291247
1.043992043124756
0.9702105949238562
0.9928900274193466
0.7510548328858772
1.1419812998141878
1.0144090170844091
0.8048199471331309
0.631485237272568
0.4029565539968398
0.1668882379422694
0.11964728158151777
0.020144837357120134
-0.15376638097957507
-0.2098300684485779
-0.39159139897114137
0.46685520349035275
0.4093750739477141
0.1601793000328849
0.15852138389354295
-0.004876999340480179
0.2537218076760264
0.09723549334252678
0.21777913012160485
0.14944785719052583
0.12956501426986178
0.36947166719167385
0.26319024673326213
0.5953697236681996
0.752322118384
0.5627683878653745
0.6051493713058814
0.46885307220228867
0.28670574093965295
0.02564689807052637
0.07291631762648247
-0.17568296817665213
-0.42105589420930106
-0.6670160458658397
-0.800292398111382
-0.8087397207285686
-0.8141487321641343
-0.7979903678803085
-1.044922349357449
-0.9481656591413568
-0.9811489890829543
-1.1594815814635882
-1.1602295179486066
-1.2568309381844787
-1.2474341150452117
-1.222852241521988
-1.0130652785876826
-0.9985879556615056
-0.9663640065992303
-0.5693488735137902
0.24732114665586039
0.06280389943102539
0.16699364058864807
-0.09712579590750205
-0.265697399776867
-0.4499051339019539
-0.6152889381512806
-0.5749862102258426
-0.5927749078119338
-0.7426899290153784
-0.8382721605608345
-0.8088775627901963
-0.8782233701807435
-0.24367175246117617
-0.29516314210369304
-0.5005023099468421
-0.474452346485334
-0.1656415499832355
0.07305001020232901
-0.10475998963360937
0.05746229102429293
-0.17776181094224205
0.3715743190537023
0.11573069671527231
-0.14092261169575662
-0.34219204950227855
-0.36004376971253493
-0.36166867451388485
-0.20392612170438487
-0.4320098143822738
-0.4545816393492482
-0.7153719862359985
-0.8247280835004435
-0.8735724997664374
-0.5881656273143676
-0.03284851875498344
0.2759490802637605
0.5180595955244487
1.038264484633718
0.8066240640964016
0.5376839699033609
0.31034251479753844
1.2271666483518393
1.371816889592655
1.3347050603174626
1.0008912096080447
0.8801373027251608
0.5949509278341907
0.5263402050242294
0.5135778775547765
0.7631500590142916
1.0586207188715542
0.957991775497649
0.8782115704583099
0.7774470031912073
1.6805055370271142
1.4307814827760248
1.163512753428698
0.8008215209558954
0.9871761263897655
0.8660768781320843
0.8817348799359168
0.8561434308274246
0.9886950021613922
0.8434701515040709
0.9231647124628937
0.7983199628178955
0.8924099022874528
0.7037580583972686
0.6251835552751829
0.8318012465557881
1.587163012536814
1.4882574913662165
1.3655531502425227
1.236483294517242
1.0944626886049433
0.9443527155176883
0.7942629599388045
0.5959815621381125
1.202124628744267
1.2514023659839864
1.0107961307640632
0.7133605429419994
0.37465375289766906
0.10407131858941931
-0.029579083092180186
-0.11548472467619336
0.5598681474159841
0.7345593218309818
0.7421159556455061
0.9510050523081293
0.7377137814429481
0.5078731216371957
0.3308819810759286
0.26293191019764806
-0.10018186252752599
0.35852491633271594
0.20547257678455216
-0.03352063913701202
-0.08280716351900108
-0.38567024373472747
0.04092598836773675
-0.08829996784149385
-0.31072242960202867
0.10406590078513119
0.2787412439048448
0.1622002895109451
-0.05544461661025876
0.008089050468177008
-0.18632436225998025
-0.4344928810636005
-0.6730518281659932
-0.8454559090616603
-0.8674104056248545
-0.8079378773699871
-0.9992479784956123
-0.9984533296025927
-1.0734551538477515
-1.21353517245082
-0.22292524820778292
-0.35891693362839633
-0.5401964072555677
-0.6703210086852824
-0.5260643417541947
-0.5144560568184223
-0.3875996860679265
-0.26847065134761056
-0.3063782927296096
-0.42050306764447565
-0.3401040939366846
0.1286393905522701
-0.11972465845816482
-0.16697666472270797
-0.34188364755933215
-0.5614219251775106
-0.7194123547036553
-0.19139446428740464
-0.4775579869493445
-0.444267631000122
-0.48143316844404643
-0.7032887597807538
-0.6298365228390388
-0.7304503253420821
-0.5445804974432618
-0.8888105949912929
-1.0390241432378484
-0.7039943463771472
-0.7032259167375717
-0.19427683408845245
-0.42354860842884146
-0.6368858382106323
-0.0969706309328646
-0.18056646007352617
-0.047054812294287526
-0.2693740113015808
-0.009988109669738945
-0.022419203148717325
0.44499817802006
0.44028039691856463
0.24676370408337533
0.5636205930455289
0.3669065951810683
0.11669120133950388
-0.06059516932524802
-0.3760970291547493
-0.5584844650468279
-0.7717020111574573
-0.9153831748976834
-0.7366523030870454
0.12036554084063124
0.2376398253138988
0.15743705584545842
0.07509627224109189
0.07148489693449891
0.08546375154393884
0.5089776595893186
0.5033880188750645
0.41204324861748953
0.2977145305993209
0.8615257271275202
0.7319122129013235
0.8238300787571361
0.6682498004248114
0.7087636771496971
0.5225261929154058
1.247155843880462
1.267707922484855
1.0918539623152956
0.9823000086823594
0.7135575219953996
1.3884620987997154
1.5041966485862885
1.3700742205123115
1.3403317252538849
1.0521577925128296
1.3114383579590758
1.61365970817577
1.3816773394195385
1.1392161964233745
0.9766076708371899
0.826315693553699
1.4351790674546743
1.4649307979199337
1.258738657994055
1.0262171039440007
0.7581617683903905
0.4148863132733346
0.2519726782585375
0.5244402004899938
0.2867497404189216
0.31710143663235596
0.47666984209212665
0.6069303516398837
0.46415578257588763
0.3122629927850004
0.3736423467075275
0.11142258668577527
-0.10729332935996101
-0.10140410547860176
-0.4052598276311822
-0.649872754886712
-0.8836662936671161
-0.6673482147558173
-0.1899885460323473
-0.48889990333398686
0.2109737712555999
0.02212101996372461
-0.09046212053575355
-0.08844722488995345
-0.369735092833238
-0.6532821475274884
-0.7562071130146567
-0.7578011268770445
-0.7576604743980531
-0.9188181254050644
-0.914901976378768
-1.0657858733527363
-0.8563775635561954
-0.8370704876490495
-0.9820212599289971
-1.001210784880078
-0.9687172789270337
-1.100098247403881
-1.0705008791331472
-1.0088221302683698
-1.0360354385083523
-1.1640352955271946
-1.2073056567451728
-1.2419647969726884
-1.2921902756461043
-1.3550627700601732
-1.3968582449735545
-1.2774794128568168
-0.9253983529005552
-1.1181554191691747
-1.003601672624259
-0.9949201229840263
-1.1191695149901069
-1.0975076452045602
-1.307466265643206
-1.3229047400676222
-1.467234927884533
-0.7754861187376633
-0.7836107282052361
-0.9291315836493274
-0.9531681872199831
-0.5796297941289023
-0.8111713214668113
-0.05775185333498958
-0.24715859246959895
-0.4882140686260435
-0.7892564722391314
0.10853040994694535
-0.20933685328500837
-0.11335580837565164
-0.05310789761201442
0.02960494319278466
-0.1844957943927439
-0.37043229456072174
-0.5954946700008159
0.7501492752052429
0.6407912390011129
0.639184790587157
0.5438109297857031
0.32761855696797726
0.36196070596592944
0.1726400799006384
0.12415773715093681
0.2917983943898538
0.1898206286344242
0.37912050575095235
0.34934582783004087
0.7724008523299131
0.8335495619118678
1.1388169531636319
1.22880414459309
1.059327981693747
1.173917609054112
1.0590970287701305
1.8463809042025578
1.69824403262894
1.5210809915512982
1.3409375761389186
1.3811860062591224
1.1879865683134767
0.9043554478526366
0.7194769231396105
0.4814992521454282
0.23221036252469776
0.20602523254285102
