0.8862567664361841
0.9364772383133146
0.9786610662033605
0.9372613433111385
0.8953239273374597
0.5066975597505603
0.5707213907101214
0.5333964645522641
0.561009201002693
0.6337228710363321
0.5463702511949615
0.5750444764742472
0.45585825746294983
0.5591815932543611
0.6141243179126556
0.4004207104352441
0.3696000760717211
0.39007666807545016
0.4577519966845658
0.50171714047502
0.49414936199107445
0.29899497158328436
0.3765454398801563
0.4091546373320296
0.6122516378036746
0.5258188934521083
0.17387320901718376
0.23775313880953788
0.33510530116958154
0.47773156726653876
0.41037745729533137
0.45824713996918626
0.46287818870517966
0.4158499443141063
0.582839326607398
0.619994183176563
0.7189921365523979
0.5596281136778459
0.4776020941845611
0.5670964166978819
0.35801491797040885
0.47548974031099467
0.49294798113544364
0.5122809705831275
0.526533773091003
0.6198471036709448
0.6175259774738212
0.6404144223807233
0.5861404340528286
0.5490316530658617
0.6955170419129657
0.31388898030645757
0.34524572359474937
0.42168005708048406
0.42073112205539154
0.4658159284405844
0.3402853310205579
0.40564093247544586
0.35811634309912777
0.3911207872088714
0.3899883186295692
0.33075181000864
0.4548319416418711
0.3164346583224547
0.3676718998245428
0.5270516019563722
0.47578683054837106
0.5768796357158966
0.5674039849881508
0.637473172935927
0.621646817418855
0.7445245560876439
0.7438511896229144
0.788903701814053
0.771725979809857
0.8903830969368941
0.9328730877016609
1.0891137200049967
1.0074785274766098
0.9188626588910321
1.0725122281549049
1.044887853310483
0.9557746688470744
0.9749558584999485
1.062003635290551
0.9319681855691401
0.7923921461214691
0.9228227308770822
0.8509683389369226
0.7350561437248254
0.3743919504358457
0.456191885359366
0.41348641720393087
0.45951449358508206
0.5583808580184706
0.6043833813163234
0.597557591253486
0.6378058058146556
0.6266742237812544
0.6506328809301051
0.6194621652338866
0.7031438757947627
0.7575205948327118
0.4528039483112297
0.4697464869507307
0.5127888306560743
0.5189285788061394
0.5275707839699856
0.44793700903147654
0.5371682247478349
0.46915382664978283
0.5660459010787677
0.48354894810796
0.5583186262363695
0.5910321429101877
0.6463113413763795
0.6619514435061192
0.6155114655043185
0.568993581686058
0.6841282540442252
0.6710762232048294
0.7421630149588709
0.8048519451361578
0.8883583123802569
0.7112114691490087
0.39034284616735004
0.41011946660358395
0.3489021861531831
0.2929606538822407
0.4275139281944175
0.547239000047992
0.601024315804182
0.36614882827979756
0.3363819644672179
0.451808986606757
0.5337284142644337
0.40280982967924156
0.5405666919083845
0.6159784837296408
0.6786703264531739
0.4769739527524604
0.3445295739938743
0.35108809985193296
0.40682040512696777
0.5181670061340741
0.37621253488710266
0.5199154385766124
0.583539266327882
0.6107536500765272
0.408799569805881
0.44788952563788875
0.4086081535321108
0.5150181815696709
0.41473394210361836
0.42439568222390495
0.4303337369833585
0.4768321455008239
0.5430060230245174
0.6078006642796109
0.5233417637262396
0.40911991486873023
0.24863335688232466
0.30295829092151993
0.3616697527353268
0.33940461680629336
0.42421805618019315
0.5735271327473139
0.6428570457614846
0.6413846817479476
0.4669589090810497
0.4711483373204063
0.4827624244633428
0.5193750036462705
0.5424691681597461
0.6435139789283848
0.6626862383300933
0.7080891425441159
0.5367922450708228
0.4779184521192283
0.4473207052263519
0.4532044978075888
0.6163740931838239
0.5993261318764582
0.642371529032275
0.7586113362163529
0.8495728356121705
0.5088857878243014
0.5729310167706965
0.6206625908562716
0.609690230675351
0.6501136066811697
0.6231255249671372
0.6745703082101905
0.7645989794557493
0.5635083392938811
0.47655884963325146
0.5065063551573026
0.5831069471930227
0.5614530507327447
0.6707714785243609
0.679512736741826
0.6615760126899559
0.6400322617579449
0.7308448782389881
0.6995787730607882
0.6546326272111994
0.7761145050429717
0.7688326466952317
0.8318690405329174
0.28087538396324135
0.3601020660918183
0.4335552747534477
0.5099806304165205
0.5221322834001124
0.49030288721162774
0.48471341183812977
0.4001461020225752
0.41115469988510767
0.4663198697867769
0.4848018251618918
0.4571105558121095
0.4684981414382968
0.4890020247247912
0.6098642462583577
0.7105722000285949
0.7317119842440308
0.7296597036174276
0.8243753420233082
0.7839732948873094
0.7884222227634956
0.8109291530331557
0.9541451842567559
0.9543458863796681
0.7927552384291067
0.8153336115592168
0.7919414327361322
0.5882306041284696
0.6107460464546313
0.45374113787782433
0.5017970534660926
0.4862853230148799
0.29479787656337025
0.38051578411417225
0.4473068364016152
0.47277997082522316
0.3860362434554621
0.4356075136083588
0.38381788371140996
0.37887666173492546
0.505510019375789
0.484966300957846
0.5744191503271708
0.6741409932301854
0.7255461153442134
0.7490831430485317
0.7341014051457964
0.7325628494578411
0.7127436693081217
0.5376413810716675
0.29284894884311974
0.32094490631113415
0.4054954511491893
0.46682489607011
0.4812030973286341
0.42964168031470257
0.2550346079015826
0.2860281429558706
0.3581456041616509
0.49682504395017596
0.2382141305084196
0.28358128632574725
0.2964268276475942
0.34698515986539935
0.32838747743631336
0.5067622708728102
0.18187646435258945
0.20684099785100116
0.2794034287769612
0.407243707559804
0.5920895824268572
0.30251728049513815
0.28420122943778947
0.36329612843001824
0.47206040791223414
0.5522071166911129
0.5086755946418421
0.40583872945552063
0.3612557405714129
0.5083074837285777
0.49874856432906056
0.5821936427154925
0.37834889715754166
0.36500680386264867
0.46140201253248364
0.5860009299130633
0.6252081127543846
0.6585652809458427
0.6794594774258534
0.4560407983339827
0.5714261568432928
0.4519444598485846
0.48003987563053674
0.42571346700224544
0.47087182551445866
0.6286739246993975
0.4991038376187855
0.5218564168140417
0.5991542228313678
0.6408340147299614
0.7046347418678364
0.7413705185325775
0.7687002988867765
0.8117148165138982
0.676373638295136
0.7722229355239071
0.4963101633102512
0.6622156886862729
0.6462229244993495
0.5710567300974272
0.6532000537714064
0.7222467849358121
0.7163396752888792
0.7250971862177041
0.8847900690460648
0.9566108298837949
1.0047264301212175
0.932822839116822
0.7492807988642226
0.8389596048901614
0.9147722373137362
0.8797739029271443
0.9808005305293971
0.9897678433144712
1.1250370141465527
1.1189664014599903
1.168457004452682
1.1019084429587815
0.9643025657503462
0.8975434891213036
1.0026365831084825
0.9099188774358943
0.9448218358870175
0.7967340307527151
0.6943114348537638
0.6603575164672558
0.6538241698469996
0.6854009647772658
0.7354091442464238
0.8279737072574702
0.7110547379997756
0.7437606401365802
0.7048880390117184
0.5914103773089795
0.6240360771551726
0.6628402071991736
0.7380467747413024
0.8902758115680377
0.8987518679446208
0.5472464986699646
0.6317523036090638
0.6495978768976177
0.6364065851361315
0.4905673502851885
0.5467799455131214
0.5046494059456895
0.5481428270224203
0.5530752425315668
0.5743142425686248
0.59228618409303
0.6570195547623381
0.28828433763088257
0.34896239326506767
0.3708374530732382
0.36532700815085156
0.4302689902398297
0.3790131330067783
0.4847991905971222
0.5205198855497141
0.4430283822532937
0.4610838119531943
0.2901553536496984
0.3170956062621427
0.22191990606683798
0.31998780093858176
0.2671202108890504
0.3448100015299375
0.40119381345717625
0.37024579695334775
0.397307434475938
0.30546934367726714
0.40553241250906197
0.5404902176859671
0.4634299629471203
0.4088271983833409
0.40677775173641717
0.4760023487224905
0.6172418060308873
0.7988855647850845
0.755628130098091
0.5604528129390767
