29.773105256999997
29.899927804999997
30.019311788
30.111218764
30.224653848
30.341290095999998
30.459474192
30.576628455
30.669463447
30.783577930999996
30.898769869999995
31.016383927999996
31.132884385999994
31.227940222999994
31.340869320999996
31.459597907
31.577198403
31.695377490000002
31.791188862000002
31.905891701
32.022007936
32.139085008
32.256337344
32.351739766
32.464423749000005
32.57949976200001
32.69683649400002
32.814869346000016
32.93669975300002
33.04986637600002
33.164046591000016
33.28190036800002
33.403475827000015
33.521804402000015
33.63671426400002
33.75162448900002
33.866974105000025
33.98387453700003
34.10162185300003
34.21842095200003
34.33541867400003
34.45309284300003
34.57134885300003
34.66846877000003
34.78490969900003
34.90329195900003
35.020387136000025
35.138759652000026
35.236337625000026
35.352926178000025
35.47119391500003
35.59087292900003
35.70882387300003
35.805254723000026
35.922792831000024
36.04023042500002
36.15983610500002
36.280034053000016
36.37685637600001
36.49414292300001
36.61263177100001
36.731531626000006
36.850495153000004
36.94535842900001
37.06260687400001
37.17900749700001
37.29835925900001
37.41716625700001
37.53211848500001
37.648736661000015
37.767614750000014
37.88614917200001
37.98466558400001
38.10221373200001
38.218159264000015
38.33580792900002
38.454206124000024
38.54972480400003
38.66621269800003
38.783413501000034
38.90209251200003
39.02128410400003
39.11823058400003
39.23698331300003
39.35674956700003
39.47733434600003
39.575675201000024
39.691435871000024
39.808223723000026
39.92707153300003
40.04662076300003
40.147686712000024
40.264058293000026
40.38105371100003
40.500701848000034
40.62061393500004
40.71580414600003
40.83575449800003
40.95564598800003
41.075961602000035
41.175425532000034
41.29374302000003
41.413591006000026
41.532699937000025
41.65081746000003
41.74790919700003
41.86737889700003
41.98822485900003
42.10899647800002
42.22888521400002
42.344856898000025
42.462120314000025
42.581383235000025
42.70054231900002
42.79951742100002
42.91827700100002
43.03876739800002
43.15960154600002
43.280494955000016
43.37918204200001
43.49821151000001
43.61764447800001
43.741418390000014
43.84051472900001
43.957241232000015
44.07926045800002
44.19890866900002
44.31937703200002
44.41811661600002
44.53878300900002
44.66069906600002
44.78062940900002
44.87825475700002
44.99813425400002
45.11616041800002
45.238546732000025
45.361423585000026
45.47960106000003
45.59994417000003
45.72111019000003
45.84178431300003
45.94081634700003
46.06720311400003
46.18584577800003
46.30695818600003
46.43001286100004
46.55036975700004
46.669336172000044
46.78953276400004
46.910657739000044
47.01084161000004
47.13197294800004
47.25153799500004
47.37308490300004
47.49350381400004
47.61078555900004
47.729089025000036
47.84902699100003
47.97058728500003
48.06881901700003
48.18793007000003
48.30694766700003
48.427027269000035
48.53407161100004
48.653754373000034
48.77421597500003
48.89629959500004
49.01676752400004
49.11583236900004
49.23575742000004
49.35644383600004
49.47679902300004
49.57659854700004
49.69406653900004
49.812326337000044
49.93582721200004
50.06998209700004
50.20406453500004
50.32521625400004
50.46470924600004
50.60215776700004
50.714974851000036
50.850188959000036
50.99370656700003
51.117211636000036
51.240597410000035
51.360679681000036
51.498545682000035
51.63636980400003
51.75878867800004
51.85906380200004
51.98291376300004
52.10498099300004
52.23044933100004
52.34992771000004
52.467378478000036
52.586565377000035
52.707445328000034
52.828232580000034
52.928938283000036
53.050688973000035
53.17030249300004
53.29262170400004
53.39484697700004
53.51334103200004
53.63628708100004
53.758926139000046
53.88049739200005
53.97723370500005
54.09551717200005
54.21615381100005
54.33586849500005
54.43468540000005
54.55415381700005
54.67231748900005
54.79375634400005
54.91444646000005
55.01213192800005
55.130434128000054
55.24962918400006
55.37068057500005
55.49115583700005
55.60913087900005
55.72789291000005
55.848961714000055
55.96938249000006
56.069142842000055
56.19044201700006
56.31006638600006
56.433103986000056
56.55686953900006
56.65477730500007
56.773604010000064
56.893996780000066
57.014438259000066
57.13499987100007
57.25118177800007
57.37075332600007
57.49098378800007
57.61105329100007
57.70998441100007
57.83554012700007
57.95326331700007
58.07338675000007
58.19269228500007
58.290352281000075
58.407135950000075
58.52493864700008
58.643624784000075
58.77033074800007
58.86967238600007
58.99169883400007
59.111650308000065
59.23013077200006
59.34868022800006
59.44783422400006
59.56984376700006
59.69360820500006
59.81691545000006
59.939934297000065
60.03926921900006
60.157883005000066
60.27926732800007
60.398732877000064
60.52102295100007
60.619399182000066
60.73551683900007
60.853920606000074
60.973534953000076
61.092650699000075
61.190009555000074
61.307154930000074
61.42581171100007
61.54508318400007
61.66557278600007
61.76417898200007
61.88293803200007
62.00087516600007
62.120826898000075
62.238795962000076
62.336127883000074
62.454017083000075
62.57134819100008
62.693272933000074
62.81205882700007
62.91021277200007
63.02721049800007
63.14378142300008
63.264170906000075
63.38293020700007
63.481435951000066
63.59894569000007
63.71818378800007
63.836129673000066
63.95443477800006
64.05327201600007
64.17105091400006
64.29122036700007
64.40761464100007
64.52609915500005
