6516.492258105801
6504.0501321651245
6497.872423277189
6490.899713037984
6491.34310100432
6488.4210051927075
6478.906939429365
6477.910354666957
6465.193101273092
6472.304314216126
6458.590410214303
6462.983087480916
6452.123778762285
6441.333789887675
6444.973507285271
6437.772920317753
6427.41936036453
6424.654489210353
6423.4533076124535
6405.704607638559
6413.414814701586
6398.178435427857
6393.313019631835
6393.635140794102
6382.673726911036
6374.387708570184
6369.973074375761
6365.689003190093
6357.045807157017
6354.797044035532
6340.44451190429
6343.02981522891
6329.705156837076
6324.462369139401
6315.889502490219
6305.794566453911
6305.4218303594735
6296.093666974958
6288.6894542407
6272.881503678265
6275.520686429699
6264.667957921921
6257.622314373355
6248.860276366543
6244.369626156191
6230.265843304219
6232.3562414127555
6211.541618216232
6206.182264250928
6200.646856896856
6195.107413744108
6184.26115801914
6168.89659672082
6165.265467020515
6152.180883882427
6143.7477103754745
6130.646731580488
6120.927652275759
6113.54525120373
6101.79414860931
6078.72881556989
6078.625813918397
6064.048388747821
6062.122099863633
6043.697888343374
6037.018910480449
6014.846913854852
6018.779253660379
5992.730486764832
5978.602879983945
5975.358153005153
5953.231191544886
5931.8453667759295
5937.879713010681
5914.791137361977
5893.723026956616
5883.647321831516
5876.726823897378
5856.419312317879
5837.171885360182
5827.012580109083
5801.454725411113
5783.985917096698
5759.415508890997
5768.494225772533
5727.905526547857
5719.779760762325
5708.98720782336
5691.338616527552
5658.88806155279
5650.951629440199
5627.996314751652
5605.293348174879
5570.553301639247
5563.205132543939
5536.025211516148
5488.8936434279985
5498.192919407688
5443.421533747755
5456.86626166386
5405.506834623402
5371.5052161038475
5378.077017122682
5332.0300786733305
5325.965763861408
5263.330499622938
5236.626294595811
5235.587880443306
5155.1982012538365
5137.263175288048
5095.352961325029
5079.1518334744615
5029.97551374861
4983.613619179711
4968.309010258022
4935.858825048888
4898.750545381508
4853.594771544629
4817.845371455342
4781.416461878189
4745.250634101048
4658.137900136337
4663.894242661412
4578.89289973996
4524.213862887521
4540.064897293194
4468.31681844927
4439.397261651443
4400.166030567858
4309.345731766676
4243.676798999975
4233.836180529611
4175.271687321555
4142.985103124092
4079.2300972757353
4038.82396066532
4005.649743109423
3905.3384216390637
3896.3012862107
3837.5525124540463
3787.054592217625
3761.7352855867525
3700.393611410064
3649.8814090235223
3621.1161532600827
3527.9847734493496
3546.4307063995434
3491.947456191124
3403.314829141043
3394.9865898671055
3370.6995594351506
3273.448668746703
3249.5145228450124
3231.9052553597107
3206.382954312731
3143.0413744307766
3086.2755075039745
3032.1703450161585
3069.728366140684
2947.388820698979
2916.183001923704
2904.1996996276903
2862.182608809628
2882.39301293833
2776.69211094151
2719.6289217381936
2691.517864812051
2587.4216844164735
2584.2329586053647
2572.710530265637
2579.346330885638
2463.6504850092288
2461.1678880560235
2424.538858559498
2408.949412040418
2336.141505975628
2337.3024510973314
2214.8975894320965
2236.676336557024
2146.4747366679408
2092.875991326369
2126.772757487716
1972.6425379042078
1994.2635268144277
1978.4581647921766
1936.7583074505758
1872.7606545766735
1845.2075449568408
1743.4289190067523
1722.6583772618274
1623.9325608354995
1581.5559352241564
1559.1915169771123
1473.5457274423457
1442.3392539855845
1422.7337909449673
1415.513259972046
1345.233949835017
1245.9243421673284
1266.1612244824018
1160.3637846969477
1140.8511605149351
1068.8510084458792
1077.2984850340874
1031.8669330544485
1008.369481228601
921.7754911432658
959.7022687867226
875.0489055371174
812.2892907943815
792.1705009117729
782.4037779635871
731.5993428606916
709.4370411945473
664.1287588805435
629.8076896827098
651.2858624756094
582.0828695989783
581.4424745867163
541.5198252728054
521.9216108867884
481.2773318795826
480.41446803841205
471.7802349861498
433.87367161597456
406.63991249600673
408.3825568474216
402.47690985188547
373.1977976624036
354.18304676691497
351.2341968321776
331.7727668429559
324.9820673875377
317.07631296145587
309.12055569866936
295.6085982805346
288.6791316017394
271.9610200727739
270.197229758893
260.0988546859186
249.0298807489375
245.40409953546845
241.5512352127111
235.01283329506063
229.74877411601344
224.77272057898523
218.2596098297302
211.69642894919488
207.2048553514622
202.91398982536273
200.15083796620002
196.61729108964784
191.468325527859
187.38726585132315
183.81359072842795
181.43533956846753
176.21233381282508
173.70324854512978
171.81903737745222
168.14071894165002
166.74438359341343
163.11773730530317
160.81160299275086
157.5601053356351
155.23529701778264
152.59890881154087
150.67112805101488
148.44714039491785
146.55667710258152
145.00741066514829
142.66933043291723
141.5644966142348
139.40045705080908
137.73010495502487
136.4535378738238
134.88987992289879
133.30617203199796
132.27487814758524
130.79699464962664
129.332228787605
128.22158119508924
126.92639815043503
125.65754627455996
124.99564196885451
123.61979231090372
122.52981690353869
121.55884691733708
120.4371733229128
119.66129172907469
118.69259172504967
118.01832761123008
117.32591327007731
116.44078432333993
115.59231982234385
114.9480430792248
114.37562292186425
113.63103313745088
112.74306437967948
112.33680477488403
111.66937358213684
